0 1734
0 1734
0 1734
0 1734
0 66
0 66
0 66
0 66
0 66
0 66
0 66
0 66
0 66
0 300
0 66
0 66
0 260
0 260
0 260
0 260
0 358
0 358
0 358
0 358
0 1734
0 1716
0 1716
0 1716
0 6
0 66
0 66
0 66
0 66
0 66
0 1716
0 1734
0 1734
0 1734
0 1734
0 1320
0 1170
0 1170
0 1866
0 1734
0 1716
0 1734
0 1716
0 1320
0 1170
0 1734
0 1734
0 6
0 66
0 66
0 66
0 66
0 300
0 366
0 366
0 366
0 366
0 260
0 260
0 260
0 260
0 1716
0 1716
0 1716
0 1716
0 1716
0 1716
0 1716
0 1716
0 1716
0 1716
0 1716
0 1716
0 1716
0 1716
0 1716
0 1716
0 1716
0 1716
0 1716
0 1848
0 1848
0 1848
0 1848
0 1848
0 1248
0 1248
0 1248
0 1848
0 1848
0 1848
0 1434
0 1434
0 1434
0 1848
0 1848
0 1848
0 1848
0 1848
0 1848
0 1848
0 1958
0 1958
0 2150
0 2150
0 2150
0 2150
0 2150
0 2150
0 2150
0 1736
0 1258
0 1258
0 1258
0 1258
0 1258
0 2150
0 2150
0 2150
0 2150
0 2181
0 2181
0 2181
0 2181
0 2181
0 2181
0 2181
0 1282
0 1282
0 1282
0 1228
0 1228
0 1138
0 1126
0 1126
0 973
0 1263
0 551
0 903
0 393
0 1263
0 2724
0 3428
0 1263
0 1263
0 1098
0 1263
0 1098
0 1098
0 1098
0 1098
0 1098
0 1098
0 1434
0 294
0 444
0 294
0 294
0 360
0 510
0 510
0 360
0 642
0 642
0 492
0 708
0 576
0 426
0 492
0 426
0 426
0 288
0 426
0 1716
0 260
0 358
0 66
0 366
0 3723
0 2550
0 3648
0 3648
0 2150
0 2150
0 2150
0 2150
0 1716
0 3648
0 1716
0 272
0 272
0 272
0 272
0 272
0 272
0 72
0 72
0 66
0 266
0 266
0 266
0 266
0 266
0 266
0 266
0 266
0 266
0 266
0 266
0 181
0 181
0 181
0 181
0 181
0 181
0 181
0 181
0 181
0 181
0 187
0 266
0 266
0 266
0 260
0 260
0 260
0 260
0 260
0 260
0 260
0 260
0 260
0 260
0 260
0 260
0 260
0 260
0 260
0 260
0 260
0 260
0 175
0 187
0 187
0 187
0 187
0 181
0 181
0 175
0 181
0 181
0 181
0 181
0 266
0 266
0 266
0 266
0 266
0 266
0 266
0 266
0 266
0 187
0 187
0 187
0 181
0 181
0 181
0 181
0 181
0 181
0 181
0 1716
0 181
0 181
0 181
0 181
0 181
0 181
0 181
0 181
0 1716
0 2372
0 1958
0 1958
0 774
0 832
0 832
0 832
0 1128
0 1198
0 1508
0 1508
0 1780
0 1820
0 1466
0 1356
0 2239
0 2239
0 3726
0 3726
0 3726
0 371
0 371
0 371
0 576
0 576
0 576
0 576
0 736
0 736
0 1369
0 1593
0 1593
0 1593
0 2154
0 2208
0 2208
0 864
0 864
0 864
0 972
0 972
0 1346
0 1264
0 1547
0 1547
0 1547
0 1547
0 880
0 210
0 282
0 282
0 300
0 360
0 702
0 2150
0 2150
0 2372
0 2372
0 2372
0 2372
0 2372
0 2372
0 2372
0 2372
0 2372
0 1958
0 1958
0 1958
0 2372
0 2150
0 2150
0 2150
0 2150
0 2150
0 12
0 72
0 72
0 72
0 210
0 222
0 300
0 300
0 300
0 300
0 300
0 300
0 300
0 300
0 300
0 300
0 78
0 78
0 78
0 78
0 78
0 90
0 300
